Unsorted
473 907 391 783 288 51 347 148 968 555 33 256 884 449 923 842 851 216 914 866 66 926 665 213 963 193 239 895 565 679 878 908 93 760 675 352 620 35 545 118 771 602 905 175 733 406 228 968 696 217 228 54 613 10 947 53 413 755 478 933 725 922 825 132 771 568 22 609 633 502 828 354 155 711 424 865 480 414 85 162 130 947 52 522 382 449 255 54 212 2 244 992 322 976 110 478 632 545 127 665 


[Sorted]
Selection Sort:
2 10 22 33 35 51 52 53 54 54 66 85 93 110 118 127 130 132 148 155 162 175 193 212 213 216 217 228 228 239 244 255 256 288 322 347 352 354 382 391 406 413 414 424 449 449 473 478 478 480 502 522 545 545 555 565 568 602 609 613 620 632 633 665 665 675 679 696 711 725 733 755 760 771 771 783 825 828 842 851 865 866 878 884 895 905 907 908 914 922 923 926 933 947 947 963 968 968 976 992 

[Sorted]
Bubble Sort:
2 10 22 33 35 51 52 53 54 54 66 85 93 110 118 127 130 132 148 155 162 175 193 212 213 216 217 228 228 239 244 255 256 288 322 347 352 354 382 391 406 413 414 424 449 449 473 478 478 480 502 522 545 545 555 565 568 602 609 613 620 632 633 665 665 675 679 696 711 725 733 755 760 771 771 783 825 828 842 851 865 866 878 884 895 905 907 908 914 922 923 926 933 947 947 963 968 968 976 992 

[Sorted]
Merge Sort:
2 10 22 33 35 51 52 53 54 54 66 85 93 110 118 127 130 132 148 155 162 175 193 212 213 216 217 228 228 239 244 255 256 288 322 347 352 354 382 391 406 413 414 424 449 449 473 478 478 480 502 522 545 545 555 565 568 602 609 613 620 632 633 665 665 675 679 696 711 725 733 755 760 771 771 783 825 828 842 851 865 866 878 884 895 905 907 908 914 922 923 926 933 947 947 963 968 968 976 992 

[Sorted]
QuickSort (Hoare Partition):
2 10 22 33 35 51 52 53 54 54 66 85 93 110 118 127 130 132 148 155 162 175 193 212 213 216 217 228 228 239 244 255 256 288 322 347 352 354 382 391 406 413 414 424 449 449 473 478 478 480 502 522 545 545 555 565 568 602 609 613 620 632 633 665 665 675 679 696 711 725 733 755 760 771 771 783 825 828 842 851 865 866 878 884 895 905 907 908 914 922 923 926 933 947 947 963 968 968 976 992 

[Sorted]
QuickSort (Median Partition):
2 10 22 33 35 51 52 53 54 54 66 85 93 110 118 127 130 132 148 155 162 175 193 212 213 216 217 228 228 239 244 255 256 288 322 347 352 354 382 391 406 413 414 424 449 449 473 478 478 480 502 522 545 545 555 565 568 602 609 613 620 632 633 665 665 675 679 696 711 725 733 755 760 771 771 783 825 828 842 851 865 866 878 884 895 905 907 908 914 922 923 926 933 947 947 963 968 968 976 992 
